ohio problems

2014
pages - 41, 42, 57, 68, 85, 92, 99, 118, 161, 167, 200, 205

2015
pages - 4, 5, 15, 25, 41, 43, 44, 49, 64, 70, 76, 92, , 93, 94, 111, 124, 141, 147, 149, 157, 160, 163, 166, 216

2016
pages - 13, 14, 19, 23, 24, 26, 27, 30, 34, 35, 47, , 58 , 59, 83, 100, 102, 103, 121, 151, 152, 156, 157, 164, , 178, 179, 189, 196, 203, 204, 208, 212, 222, 230, 239

2017
pages - 10, 12, 13, 16, 27, 28, 45, 46, 52, , 59, 62, 67, 68, 73, 81, 83, 84, 87, 88, 89, 108, 110, 111,116, 118, 125, 136, 155, 191, 203, 209, 221, 232, 248, 249, 258, 267, 272, 273, 274, 279, 280, 281

2018
pages - 37, 53, 54, 91, 97, 99, 100, 101, 111, 117, 118, 122, 129, 133, 141